105.083333333333
90.9
763.9
83.3666666666667
78.3666666666667
80.5833333333333
76.3666666666667
210.983333333333
78
77.5166666666667
83.0166666666667
89.2333333333333
84.8666666666667
653.166666666667
70.9166666666667
72.8333333333333
75.9166666666667
73.5333333333333
548.866666666667
66.2333333333333
73.45
66.9666666666667
71.1166666666667
68.3166666666667
285.383333333333
317.2
63.2833333333333
64.0833333333333
60.5
550.883333333333
399.683333333333
75.9
115.35
78.9333333333333
88.6833333333333
475.533333333333
30.1166666666667
31.5166666666667
34.0833333333333
39.55
47.5166666666667
423.633333333333
52.55
50.2166666666667
61.4166666666667
56.6166666666667
64.4166666666667
742.3
165.85
122.883333333333
122.216666666667
114.666666666667
565.966666666667
134.7
141.166666666667
160.783333333333
168.483333333333
458.65
513.283333333333
154.366666666667
130.666666666667
125.933333333333
127.25
615.583333333333
122.9
97.45
122.766666666667
115.1
111.95
442.783333333333
113.833333333333
116.116666666667
128.7
135.033333333333
138.75
153.383333333333
143.583333333333
161.5
168.116666666667
152.25
147.116666666667
163.916666666667
161.1
146.95
132.65
127.283333333333
116.1
92.2833333333333
54.8833333333333
111.35
114.983333333333
110.983333333333
1015.35
774.583333333333
232.65
134.616666666667
130.25
98.6666666666667
102.4
184.866666666667
258.766666666667
70.3333333333333
81.3833333333333
81.1
89.2166666666667
536.966666666667
85.8333333333333
95.6333333333333
76.1
94.3833333333333
73.25
346.7
65.3833333333333
84.7333333333333
140.566666666667
120.6
121.383333333333
359.233333333333
55.2833333333333
54.55
52.1833333333333
56.2
112.116666666667
208.533333333333
49.4
49.0666666666667
56.0666666666667
54.0166666666667
63.5166666666667
344.416666666667
42.0666666666667
55.3666666666667
55.9666666666667
55.85
56.3
46.5666666666667
49.25
43.9
357.616666666667
44.1
44.6833333333333
43.1333333333333
40.55
452.2
47.0666666666667
40
42.35
48.3666666666667
44.8666666666667
48.5166666666667
244.016666666667
50.1666666666667
48.7333333333333
47.9166666666667
51.9666666666667
343.333333333333
35.25
45.3333333333333
46.8666666666667
48.7833333333333
